&amp
&amp;
****
*****
******
0.0.0.000
0.0.000
0000
00000
000000
0000007
000001
000007
0001
0007
0069
007007
007bond
0101
010101
010203
0123
012345
0123456
01234567
020202
030303
0311
0420
050505
063dyjuy
0660
070462
0815
085tzzqi
090909
0911
0987
098765
09876543
1000
100000
1001
100100
1002
1003
1004
1005
1007
1008
1009
1010
101010
10101010
1011
1012
1013
1014
1015
1016
1017
1018
1019
1020
102030
1021
1022
1023
1024
1025
1026
1027
1028
1029
102938
1030
1031
1066
11001001
1101
1102
1103
1104
1107
1111
11111
111111
1111111
11111111
11112222
1112
111222
1113
1114
1115
1117
1120
1121
1122
112211
112233
11223344
1123
112358
11235813
1124
1125
1126
1127
1128
1129
1130
1134
1138
1200
1201
1202
1204
1205
120676
1207
1208
1209
1210
1211
1212
121212
12121212
1213
121314
1214
1215
1216
1217
1218
1219
1220
1221
1222
1223
1224
1225
1226
1227
1228
1229
1230
123098
1231
123123
12312312
123123123
1233
123321
1234
12341234
1234321
12344321
12345
123456
1234567
12345678
123456789
1234567890
12345679
123456a
123457
12345a
1234abcd
1234qwer
1235
1236
123654
123789
123987
123aaa
123abc
123asd
123qwe
124038
1245
124578
1269
12locked
12qwaszx
1313
131313
13131313
1331
134679
1357
13576479
13579
135790
1369
1411
1414
141414
14141414
142536
142857
143143
1432
1469
147147
147258
14725836
1478
147852
1478963
14789632
1492
1515
151515
151nxjmt
154ugeiu
159159
159357
159753
159951
1616
161616
1624
1664
1701
17011701
1717
171717
17171717
1776
1812
1818
181818
18436572
187187
1900
1911
1911a1
1914
1919
191919
1941
1942
1943
1944
1945
1946
1947
1948
1949
1950
1951
1952
1953
1954
1955
1956
1957
1958
1959
1960
1961
1962
1963
1964
1965
1966
1967
1968
1969
19691969
196969
1970
1971
1972
1973
1974
19741974
1975
1976
1977
1978
19781978
1979
1980
1981
1982
1983
1984
19841984
1985
1986
1987
1988
1989
1990
1991
1992
1993
1994
1995
1996
1997
1998
1999
199999
1a2b3c
1a2b3c4d
1bitch
1dallas
1dragon
1fuck
1letmein
1love
1master
1michael
1million
1monkey
1passwor
1pussy
1q2w3e
1q2w3e4r
1q2w3e4r5t
1qaz
1qaz2wsx
1qazxsw2
1qwerty
1ranger
1test
1x2zkg8w
2000
200000
20002000
2001
20012001
2002
2003
2004
2005
2010
201jedlz
2020
202020
20202020
2055
20spanks
2112
21122112
2121
212121
21212121
2211
2222
22222
222222
2222222
22222222
222333
222777
2233
223344
2244
2255
2277
2323
232323
23232323
2345
234567
2369
23skidoo
2424
242424
24242424
2468
24680
246810
24682468
2469
2500
2501
2525
252525
25252525
2580
25802580
2626
262626
2663
2727
272727
2828
282828
2929
292929
2fast4u
2fchbg
2hot4u
3000
3000gt
3006
3030
303030
311311
3131
313131
314159
31415926
321123
321321
321654
3232
323232
3234412
332211
3333
33333
333333
3333333
33333333
333666
336699
3434
343434
3535
353535
362436
3636
363636
368ejhih
369369
3728
3737
373737
380zliki
3825
383838
383pdjvl
393939
3ip76k2
3ki42x
3mpz4r
3qvqod
3some
3tmnej
3way
3x7pxr
4040
404040
4121
4128
414141
4200
420000
420247
420420
4226
4242
424242
426hemi
4271
427900
4321
4343
434343
4417
4444
44444
444444
4444444
44444444
445566
4545
454545
456123
456321
456456
456654
4567
456789
464646
4711
4747
474747
474jdvff
484848
4949
494949
49ers
4ever
4mnveh
4ng62t
4runner
4snz9g
4tlved
4wcqjn
4wwvte
4you
4zqauf
5000
5050
505050
50cent
50spanks
5150
515000
515051
51505150
5151
515151
5232
5252
52